n	InsertionSort	MergeSort	QuickSort
20000	0.389000	0.008000	0.000000
40000	1.591000	0.020000	0.016000
60000	3.518000	0.017000	0.010000
80000	5.944000	0.026000	0.008000
100000	9.498000	0.025000	0.016000
120000	13.577000	0.035000	0.025000
140000	18.327000	0.041000	0.026000
160000	23.954000	0.041000	0.035000
180000	31.634000	0.104000	0.041000
200000	53.792000	0.092000	0.068000
220000	73.635000	0.089000	0.065000
240000	60.559000	0.067000	0.052000
260000	63.810000	0.074000	0.050000
280000	73.193000	0.079000	0.058000
300000	84.311000	0.091000	0.058000
320000	96.576000	0.085000	0.079000
340000	108.063000	0.096000	0.079000
360000	122.741000	0.100000	0.074000
380000	135.628000	0.103000	0.083000
400000	150.037000	0.108000	0.083000
